function dudt = vdp2(t,q)

%%%%
% dudt=[q(2);-0.1245*q(1)*q(5)-0.0556*q(2)^2*q(6)-0.0130*q(2)*q(6)-0.2198*q(5)^2*q(6)+1.0017*q(5)*q(2)^2+0.0785*q(5)*q(6)-0.0250*q(1)*q(3)^2-5.8400*q(5)^2*q(2)+2.0493*q(5)*q(2)+0.0742*q(5)*q(2)*q(6)-0.0579*q(2)^3-0.1736*q(2)^2+11.5267*q(5)^3+0.1434*q(3)^2-6.1681*q(5)^2-0.1222*q(1)^3+1.5114*q(1)^2+0.0425*q(2)-0.0198*q(5)-6.5819*q(1);
%     q(4);0.5739*q(1)*q(3)-0.0151*q(2)^2*q(6)-0.062*q(5)^2*q(6)+0.2718*q(5)*q(2)^2-0.0223*q(5)*q(6)-1.6098*q(5)^2*q(2)-0.5616*q(5)*q(2)-0.0499*q(1)^2*q(3)+0.0205*q(5)*q(2)*q(6)-0.0155*q(2)^3+0.0466*q(2)^2+3.2531*q(5)^3-1.1391*q(3)+1.7445*q(5)^2-0.3288*q(2)+2.1692*q(5)-0.0269*q(3)^3-0.0115*q(6);
%     q(6);-0.1009*q(1)^2*q(5)-0.0340*q(1)*q(3)+0.5901*q(1)*q(5)-0.1024*q(2)^2*q(6)-0.4213*q(5)^2*q(6)+1.8433*q(5)*q(2)^2-0.0215*q(5)*q(6)-0.0544*q(3)^2*q(5)-10.9230*q(5)^2*q(2)-0.5474*q(5)*q(2)+0.1388*q(5)*q(2)*q(6)-0.1053*q(2)^3+0.0457*q(2)^2-0.6368*q(6)+22.0950*q(5)^3+0.0675*q(3)+1.6906*q(5)^2+0.0099*q(1)^3-0.1230*q(1)^2+0.5917*q(2)-8.6033*q(5)+0.5356*q(1)-0.0117*q(3)^2];
%%%%%%
% dudt=[q(2);-0.1245*q(1)*q(5)-0.0556*q(2)^2*q(6)-0.2198*q(5)^2*q(6)+1.0017*q(5)*q(2)^2+0.0785*q(5)*q(6)-5.8400*q(5)^2*q(2)+2.0493*q(5)*q(2)+0.0742*q(5)*q(2)*q(6)-0.0579*q(2)^3-0.1736*q(2)^2+11.5267*q(5)^3+0.1434*q(3)^2-6.1681*q(5)^2-0.1222*q(1)^3+1.5114*q(1)^2+0.0425*q(2)-6.5819*q(1);
%     q(4);0.5739*q(1)*q(3)-0.0151*q(2)^2*q(6)-0.062*q(5)^2*q(6)+0.2718*q(5)*q(2)^2-0.0223*q(5)*q(6)-1.6098*q(5)^2*q(2)-0.5616*q(5)*q(2)-0.0499*q(1)^2*q(3)+0.0205*q(5)*q(2)*q(6)-0.0155*q(2)^3+0.0466*q(2)^2+3.2531*q(5)^3-1.1391*q(3)+1.7445*q(5)^2-0.3288*q(2)+2.1692*q(5)-0.0269*q(3)^3-0.0115*q(6);
%     q(6);-0.1009*q(1)^2*q(5)+0.5901*q(1)*q(5)-0.1024*q(2)^2*q(6)-0.4213*q(5)^2*q(6)+1.8433*q(5)*q(2)^2--0.0544*q(3)^2*q(5)-10.9230*q(5)^2*q(2)-0.5474*q(5)*q(2)+0.1388*q(5)*q(2)*q(6)-0.1053*q(2)^3+0.0457*q(2)^2-0.6368*q(6)+22.0950*q(5)^3+0.0675*q(3)+1.6906*q(5)^2-0.1230*q(1)^2+0.5917*q(2)-8.6033*q(5)+0.5356*q(1)];

% %%%
dudt=[q(2);-0.0512*q(2)^3-0.1633*q(2)^2-6.1618*q(5)^2+11.3745*q(5)^3+0.1566*q(3)^2+1.0258*q(1)^2-0.0702*q(1)^3+0.0712*q(5)*q(2)*q(6)-5.4202*q(1)-0.0289*q(5)+0.9247*q(5)*q(2)^2-0.2169*q(5)^2*q(6)-0.0514*q(2)^2*q(6)+0.0784*q(5)*q(6)-0.1096*q(1)*q(5)-5.5991*q(5)^2*q(2)+1.9984*q(5)*q(2)+0.0426*q(2);
    q(4);-0.0143*q(2)^3+0.0454*q(2)^2-0.0281*q(3)^3+1.7454*q(5)^2+3.2531*q(5)^3+0.0202*q(5)*q(2)*q(6)+2.1673*q(5)+0.2606*q(5)*q(2)^2-0.0620*q(5)^2*q(6)-0.0145*q(2)^2*q(6)-0.0223*q(5)*q(6)-1.5885*q(5)^2*q(2)-0.5610*q(5)*q(2)+0.6265*q(1)*q(3)-0.0488*q(1)^2*q(3)-0.0114*q(6)-1.3213*q(3)-0.3352*q(2);
    q(6);-0.0973*q(2)^3+0.0443*q(2)^2+1.6998*q(5)^2+22.0893*q(5)^3-0.0851*q(1)^2+0.1371*q(5)*q(2)*q(6)+0.4497*q(1)-8.0076*q(5)+1.7688*q(5)*q(2)^2-0.4212*q(5)^2*q(6)-0.0983*q(2)^2*q(6)-0.0986*q(1)^2*q(5)-0.0568*q(3)^2*q(5)+0.6422*q(1)*q(5)-10.7833*q(5)^2*q(2)-0.5460*q(5)*q(2)-0.6878*q(6)+0.0783*q(3)+0.6033*q(2)];



end